bisection:
   x_k                 err_k
   0.700000000000000   0.273697248993137
   0.350000000000000   0.076302751006863
   0.525000000000000   0.098697248993137
   0.437500000000000   0.011197248993137
   0.393750000000000   0.032552751006863
   0.415625000000000   0.010677751006863
   0.426562500000000   0.000259748993137
   0.421093750000000   0.005209001006863
   0.423828125000000   0.002474626006863
   0.425195312500000   0.001107438506863
   0.425878906250000   0.000423844756863

fixed-point iteration:
   x_k                 err_k
   0.700000000000000   0.273697248993137
   0.246596963941606   0.179705787065257
   0.610672831092573   0.184370080085710
   0.294833154034995   0.131469596971868
   0.554512290141696   0.128209539134833
   0.329880576212980   0.096422174793883
   0.516974797922965   0.090672046916102
   0.355599708229060   0.070703042777803
   0.491054864817279   0.064752113810416
   0.374520128564083   0.051782622442780
   0.472820120792437   0.046517369785574

simplified Newton:
   x_k                 err_k
   0.700000000000000   0.273697248993137
   0.389202299001251   0.037100452005612
   0.438312513918452   0.012009762911589
   0.422842206269340   0.003460544737523
   0.427337570935783   0.001034819928920
   0.425996608608934   0.000306142397929
   0.426393611349066   0.000090860342203
   0.426275810036564   0.000026940970299
   0.426310741514469   0.000007990507606
   0.426300381274773   0.000002369732090
   0.426303453811928   0.000000702805065

Newton:
   x_k                 err_k
   0.700000000000000   0.273697248993137
   0.389202299001251   0.037100452005612
   0.425533786569383   0.000768964437480
   0.426302427629070   0.000000323377793
   0.426302751006806   0.000000000000057
   0.426302751006863   0.000000000000000

secant:
   x_k                 err_k
   0.700000000000000   0.273697248993137
   0.389202299001251   0.037100452005612
   0.431611318688901   0.005308567682038
   0.426411412592019   0.000108661585156
   0.426302436136630   0.000000314870233
   0.426302751025566   0.000000000018703
   0.426302751006863   0.000000000000000