1000
-365
-5415
-24504
-24698
23209
23830
19574
-11529
3768
22229
15646
-15810
4195
29816
25981
-7628
17688
20443
-32578
-11605
-12136
10524
15489
10254
10633
29982
18993
-15274
-12245
31753
25262
-11875
15177
1989
28727
-5492
-11271
8834
16241
7072
-17364
-25907
16867
-22442
12442
22030
24696
13018
-9960
22286
24064
24447
-3181
-9329
-18862
24423
12929
-25402
-411
6761
-8348
-16304
17730
1244
28381
-7133
-22531
-22045
12420
-19984
-13216
-20237
-28280
28508
19139
4240
12738
14870
-23414
527
-7696
30811
-20905
-18422
7219
648
-14768
18999
5282
19904
17090
-19142
14836
-2666
-20859
-3099
25449
-21167
-8794
1971
-30562
26880
-31812
13455
-26085
1679
-29440
23988
13082
14801
14777
2217
4561
21763
-1407
27644
3577
-27809
-32710
-30141
-18218
-26096
18661
25089
-15133
5493
2712
-24929
8238
28028
-6782
20344
-20449
-15507
11420
-31081
-16730
31756
-5593
29782
5091
11902
7808
1002
10602
20036
25793
-4304
20736
19453
20272
-12090
-347
-7434
3908
13659
9045
-23060
13273
-25069
27755
28035
-19374
4780
-18751
20999
-6120
2776
-22551
24851
20110
18871
29531
12637
27915
28945
19483
-1376
6831
-15282
-5254
-18907
6958
1004
-14964
9295
-20767
23059
-12766
-4484
-20606
-11007
20320
-5124
-299
30349
12990
-29342
20841
-5662
16732
1765
-30815
4886
12484
7087
18586
3422
-8484
-23447
-4746
-12771
18381
20347
-5888
16661
-10678
27902
2487
9577
-26103
13575
-9160
-6615
4174
25152
17971
24669
7069
10136
-11357
-2170
21610
-32449
-11917
17843
27485
1715
5230
22034
-4038
29223
30608
-30882
-6677
1565
13799
29684
-18015
10327
-29770
11421
-32480
32219
12534
19382
13940
6517
-26120
30043
-21276
-14899
15366
-3884
10367
6631
19543
5839
-615
-19369
-29638
2155
-16192
-10834
13571
-21807
31388
22274
11042
-27081
-18353
-18330
3098
17648
-31705
25923
-15176
-7643
-2322
15077
27625
6855
-26748
-13233
-21411
-6004
-5341
-27032
27901
31656
-5408
-977
18914
-8620
-5842
-9559
-30243
19658
6308
27496
-27122
-12245
-9451
-31752
3175
929
-7203
-9340
-17918
11654
-3944
1999
-8983
30177
-11003
23889
1653
20115
-12484
16146
27584
-10624
-714
-2155
-14851
-24338
-15804
17526
9774
-9396
-25451
11409
-9621
-4951
-5454
-14048
-28783
15856
24317
-13512
5209
-22519
-4278
372
-5840
-27626
10716
16467
10170
8648
21362
11159
-25566
-5527
-27300
-29368
10088
15838
6975
10480
28774
25131
2612
-17341
-20813
8591
4121
10594
29556
-2333
-935
20325
-10647
-14959
5181
-26898
-4694
-8737
13404
9719
-19124
-15955
-5161
-103
-12441
-29995
-11246
-7159
13648
-31569
-22170
13316
-16394
-19058
31804
-6698
8281
10173
19596
17614
4277
-14953
2402
-28054
18683
12845
24892
-16363
-8424
-32198
-22972
-6014
17058
4469
-18984
20160
-27952
15742
-26089
-7528
-18174
-5290
22285
-1778
-16474
-25286
-26821
-22810
1529
-13090
-16871
-14949
-883
26387
-12140
-18584
-30146
-23665
-32499
-18238
-3527
-9241
26941
-24103
-8901
18540
3247
26596
-29924
9167
-30676
-20556
32687
18217
-17368
-762
23703
-28776
-16142
27084
13678
4349
10090
-31589
-18156
-25691
-29959
22957
-29486
-5755
-13475
76
25649
-31323
29214
-818
15964
-20602
13055
-23826
-25332
-7518
-239
-19938
17061
-4111
-1084
18780
-16383
-30873
-11863
30080
8694
-20110
29782
-14609
5730
-18305
-6515
23059
-17533
32140
-2443
11347
-28520
-9675
-17311
-20447
-10406
-22239
21591
-32650
4767
24428
24698
28522
-13087
11419
-16247
-15193
-21972
-16536
9696
-25975
32468
14613
-24554
25766
-27924
26054
-7150
17164
11505
28387
17642
-19605
15019
-2985
27905
-19823
13542
-18649
-18423
-24716
-7976
24375
13750
20004
-13405
-6669
-23756
-31280
18774
19877
21738
25328
-16197
-24019
24934
12134
-1602
21609
-15290
-19928
12234
1984
-28163
-8786
-4411
-20789
-15747
17697
-30297
21418
-9503
20825
-25548
-20993
24546
17232
-27040
5541
-888
26401
-1475
-25857
-10932
22315
5770
2566
-12298
2703
-23853
26794
30742
-29621
-4166
-9571
19475
-11976
-32342
23472
17509
-16437
-16449
25745
17168
25392
-31693
-11530
32318
26671
13862
-7331
-6845
-9069
13917
3051
22142
-27496
-30692
-19184
17175
10083
-11540
-14281
-4162
28133
-20903
-25869
-26204
13113
-19774
20569
-20711
-2028
9693
-10446
-14600
-26449
17002
-9616
28682
5632
15665
27720
-18905
4179
-18019
-1955
-18312
-2280
5778
-28113
-20940
30498
-28983
-5895
894
-13735
-14124
9213
-1053
-12515
-2354
5232
29257
9604
-31341
3489
-24137
28413
-21219
-12501
21639
26115
-25088
467
-30735
-20243
24853
-23913
11539
22762
26068
32743
21353
11018
25814
-7074
-4363
-1084
17430
-32627
11414
26889
-32115
19766
-30668
25151
-20785
16459
18963
19315
2168
-1048
2803
12665
18388
-6788
19612
-16621
-29108
-21118
-30302
-17582
6379
-20084
-32559
13405
818
-6877
-14376
21218
15267
-21679
-9992
-23784
13631
24553
-28847
-18268
32106
-11787
21412
-3570
32362
-5273
12945
4513
-20972
-13212
11970
-1826
9086
-27681
21161
-30068
8982
-26295
-19548
17498
1929
-10741
-14357
23259
-8469
16626
31409
-19906
31704
29131
11315
7708
4695
-1057
4670
-1981
-4088
-6040
-10910
-24507
9096
-2650
-17855
-752
25013
-28562
-12596
-21628
14229
5617
29234
-19522
-27934
7724
-4115
5478
14251
8571
28371
15574
23677
26651
14742
28606
-25400
-12238
23840
-18961
-22626
-598
-4699
-13575
-8168
7166
30933
-21913
-22425
25105
-16704
-2823
-18856
26976
-26608
-32083
-28462
-3264
-32608
-15300
678
5002
2734
-27492
-8815
26650
26650
-1410
845
24144
19338
9776
-13033
2578
-18697
-27333
27212
9672
28484
-24669
28776
-2270
29196
-596
3216
-11846
25815
-18639
2298
-19187
1342
-18227
-17732
29791
-5504
-23212
-22764
-22279
-18174
-26792
17879
31977
13501
11609
15051
9228
-28135
6710
-26101
9464
-4170
-17530
-22372
26938
-29400
25508
-29579
29154
-24613
-24565
-30147
28165
-24813
28917
711
24891
5771
19439
19254
-23073
-9602
-25200
-15893
14552
12280
-12492
19274
1413
-24630
7321
-13858
22223
-809
-25394
30668
-18532
-13028
6197
12763
372
-4380
-13318
12488
19252
4523
-12873
32366
14173
21774
16492
-1165
-22187
4839
31771
16199
32606
5243
16842
-32677
-9148
-16180
-2862
-15891
14476
-12064
24004
-31968
-11165
24945
18761
15040
-27197
-28412
30272
-30026
-30658
-22202
-17520
15225
5125
-22601
-31075
-20527
-29154
-24171
32488
23725
32186
-31110
12689
13085
-13297
-27171
-16182
-8457
1904
15216
5488
20961
-22563
28094
-24607
16760
31100
12547
-6117
16007
18670
-12121
8360
-32041
21620
26493
30740
14686
-4360
-5968
29719
-27016
-8492
