-32710
-32677
-32650
-32627
-32608
-32578
-32559
-32499
-32480
-32449
-32342
-32198
-32115
-32083
-32041
-31968
-31812
-31752
-31705
-31693
-31589
-31569
-31341
-31323
-31280
-31110
-31081
-31075
-30882
-30873
-30815
-30735
-30692
-30676
-30668
-30658
-30562
-30302
-30297
-30243
-30147
-30146
-30141
-30068
-30026
-29995
-29959
-29924
-29770
-29638
-29621
-29579
-29486
-29440
-29400
-29368
-29342
-29154
-29108
-28983
-28847
-28783
-28776
-28562
-28520
-28462
-28412
-28280
-28163
-28135
-28113
-28054
-27952
-27934
-27924
-27809
-27681
-27626
-27496
-27492
-27333
-27300
-27197
-27171
-27122
-27081
-27040
-27032
-27016
-26898
-26821
-26792
-26748
-26608
-26449
-26295
-26204
-26120
-26103
-26101
-26096
-26089
-26085
-25975
-25907
-25869
-25857
-25691
-25566
-25548
-25451
-25402
-25400
-25394
-25332
-25286
-25200
-25088
-25069
-24929
-24813
-24716
-24698
-24669
-24630
-24613
-24607
-24565
-24554
-24507
-24504
-24338
-24171
-24137
-24103
-24019
-23913
-23853
-23826
-23784
-23756
-23665
-23447
-23414
-23212
-23073
-23060
-22972
-22810
-22764
-22626
-22601
-22563
-22551
-22531
-22519
-22442
-22425
-22372
-22279
-22239
-22202
-22187
-22170
-22045
-21972
-21913
-21807
-21679
-21628
-21411
-21276
-21219
-21167
-21118
-20993
-20972
-20940
-20905
-20903
-20859
-20813
-20789
-20785
-20767
-20711
-20606
-20602
-20556
-20527
-20449
-20447
-20243
-20237
-20110
-20084
-19984
-19938
-19928
-19906
-19823
-19774
-19605
-19548
-19522
-19374
-19369
-19187
-19184
-19142
-19124
-19058
-18984
-18961
-18907
-18905
-18862
-18856
-18751
-18697
-18649
-18639
-18584
-18532
-18423
-18422
-18353
-18330
-18312
-18305
-18268
-18238
-18227
-18218
-18174
-18174
-18156
-18019
-18015
-17918
-17855
-17732
-17582
-17533
-17530
-17520
-17368
-17364
-17341
-17311
-16871
-16730
-16704
-16621
-16536
-16474
-16449
-16437
-16394
-16383
-16363
-16304
-16247
-16197
-16192
-16182
-16180
-16142
-15955
-15893
-15891
-15810
-15804
-15747
-15507
-15300
-15290
-15282
-15274
-15193
-15176
-15133
-14964
-14959
-14953
-14949
-14899
-14851
-14768
-14609
-14600
-14376
-14357
-14281
-14124
-14048
-13858
-13735
-13575
-13512
-13475
-13405
-13318
-13297
-13233
-13216
-13212
-13090
-13087
-13033
-13028
-12873
-12771
-12766
-12596
-12515
-12501
-12492
-12484
-12441
-12298
-12245
-12245
-12238
-12140
-12136
-12121
-12090
-12064
-11976
-11917
-11875
-11863
-11846
-11787
-11605
-11540
-11530
-11529
-11357
-11271
-11246
-11165
-11007
-11003
-10932
-10910
-10834
-10741
-10678
-10647
-10624
-10446
-10406
-9992
-9960
-9675
-9621
-9616
-9602
-9571
-9559
-9503
-9451
-9396
-9340
-9329
-9241
-9160
-9148
-9069
-8983
-8901
-8815
-8794
-8786
-8737
-8620
-8492
-8484
-8469
-8457
-8424
-8348
-8168
-7976
-7696
-7643
-7628
-7528
-7518
-7434
-7331
-7203
-7159
-7150
-7133
-7074
-6877
-6845
-6788
-6782
-6698
-6677
-6669
-6615
-6515
-6120
-6117
-6040
-6014
-6004
-5968
-5895
-5888
-5842
-5840
-5755
-5662
-5593
-5527
-5504
-5492
-5454
-5415
-5408
-5341
-5290
-5273
-5254
-5161
-5124
-4951
-4746
-4699
-4694
-4484
-4411
-4380
-4363
-4360
-4304
-4278
-4170
-4166
-4162
-4115
-4111
-4088
-4038
-3944
-3884
-3570
-3527
-3264
-3181
-3099
-2985
-2862
-2823
-2666
-2650
-2443
-2354
-2333
-2322
-2280
-2270
-2170
-2155
-2028
-1981
-1955
-1826
-1778
-1602
-1475
-1410
-1407
-1376
-1165
-1084
-1084
-1057
-1053
-1048
-977
-935
-888
-883
-818
-809
-762
-752
-714
-615
-598
-596
-411
-365
-347
-299
-239
-103
76
372
372
467
527
648
678
711
818
845
894
929
1002
1004
1244
1342
1413
1529
1565
1653
1679
1715
1765
1904
1929
1971
1984
1989
1999
2155
2168
2217
2298
2402
2487
2566
2578
2612
2703
2712
2734
2776
2803
3051
3098
3175
3216
3247
3422
3489
3577
3768
3908
4121
4174
4179
4195
4240
4277
4349
4469
4513
4523
4561
4670
4695
4767
4780
4839
4886
5002
5091
5125
5181
5209
5230
5232
5243
5282
5478
5488
5493
5541
5617
5632
5730
5770
5771
5778
5839
6197
6308
6379
6517
6631
6710
6761
6831
6855
6958
6975
7069
7072
7087
7166
7219
7321
7708
7724
7808
8238
8281
8360
8571
8591
8648
8694
8834
8982
9045
9086
9096
9167
9213
9228
9295
9464
9577
9604
9672
9693
9696
9719
9774
9776
10083
10088
10090
10136
10170
10173
10254
10327
10367
10480
10524
10594
10602
10633
10716
11018
11042
11159
11315
11347
11409
11414
11419
11420
11421
11505
11539
11609
11654
11902
11970
12134
12234
12280
12420
12442
12484
12488
12534
12547
12637
12665
12689
12738
12763
12845
12929
12945
12990
13018
13055
13082
13085
13113
13273
13316
13404
13405
13455
13501
13542
13571
13575
13631
13648
13659
13678
13750
13799
13862
13917
13940
14173
14229
14251
14476
14552
14613
14686
14742
14777
14801
14836
14870
15019
15040
15051
15077
15177
15216
15225
15267
15366
15489
15574
15646
15665
15742
15838
15856
15964
16007
16146
16199
16241
16459
16467
16492
16626
16661
16732
16760
16842
16867
17002
17058
17061
17090
17164
17168
17175
17232
17430
17498
17509
17526
17614
17642
17648
17688
17697
17730
17843
17879
17971
18217
18381
18388
18540
18586
18661
18670
18683
18761
18774
18780
18871
18914
18963
18993
18999
19139
19252
19254
19274
19315
19338
19382
19439
19453
19475
19483
19543
19574
19596
19612
19658
19766
19877
19904
20004
20036
20110
20115
20160
20272
20320
20325
20344
20347
20443
20569
20736
20825
20841
20961
20999
21161
21218
21353
21362
21412
21418
21591
21609
21610
21620
21639
21738
21763
21774
22030
22034
22142
22223
22229
22274
22285
22286
22315
22762
22957
23059
23059
23209
23259
23472
23677
23703
23725
23830
23840
23889
23988
24004
24064
24144
24317
24375
24423
24428
24447
24546
24553
24669
24696
24698
24851
24853
24891
24892
24934
24945
25013
25089
25105
25131
25151
25152
25262
25328
25392
25449
25508
25649
25745
25766
25793
25814
25815
25923
25981
26054
26068
26115
26387
26401
26493
26596
26650
26650
26651
26671
26794
26880
26889
26938
26941
26976
27084
27212
27485
27496
27584
27625
27644
27720
27755
27901
27902
27905
27915
28028
28035
28094
28133
28165
28371
28381
28387
28413
28484
28508
28522
28606
28682
28727
28774
28776
28917
28945
29131
29154
29196
29214
29223
29234
29257
29531
29556
29684
29719
29782
29782
29791
29816
29982
30043
30080
30177
30272
30349
30498
30608
30668
30740
30742
30811
30933
31100
31388
31409
31656
31704
31753
31756
31771
31804
31977
32106
32140
32186
32219
32318
32362
32366
32468
32488
32606
32687
32743
